
n_read_write_locks_n=10
Mean: 0.0015632725200000002
Median: 0.0014692544999999999

n_mutexes_n=10
Mean: 0.0016374778000000007
Median: 0.0014717575


1_read_write_lock_n=10
Mean: 0.0015682744900000012
Median: 0.0014543535

